switch 0 0 0 0 7200000 0
task 0 2 0
switch 0 0 0 0 7200000 0
task 1 2 1
switch 0 0 0 0 7200000 0
task 2 2 2
switch 0 0 0 0 7200000 0
task 3 2 3
switch 0 0 0 0 7200000 0
task 4 2 4
switch 0 0 1 7199999 7200000 7196101
switch 0 1 2 7199999 7200000 7190524
switch 1 2 3 7199999 7200000 7191124
switch 2 3 4 7199999 7200000 7191016
switch 3 4 5 7199999 7200000 7191037
switch 4 0 6 7199999 7200000 7191046
switch 0 1 7 7199999 7200000 7191229
switch 1 2 8 7199999 7200000 7191150
switch 2 3 9 7199999 7200000 7191016
